    0.3875    0.2056
    0.3687    0.4824
    0.8416    0.8202
    0.4814    0.3400
    0.1756    0.8397
    0.8933    0.4479
    0.0826    0.8064
    0.2057    0.5729
    0.6553    0.6837
    0.8039    0.2814
    0.1024    0.9447
    0.9497    0.6317
    0.3916    0.6467
    0.3117    0.3756
    0.6823    0.3381
    0.4007    0.1327
    0.3133    0.9129
    0.7698    0.7056
    0.9967    0.3810
    0.6635    0.8553
    0.8685    0.0114
    0.6147    0.6183
    0.1665    0.4269
    0.0146    0.2728
    0.3292    0.5471
    0.7837    0.5750
    0.6932    0.6186
    0.2869    0.4947
    0.6272    0.6015
    0.9776    0.2181
    0.1613    0.6204
    0.7945    0.3101
    0.7423    0.6096
    0.2406    0.6283
    0.4897    0.7795
    0.3537    0.1925
    0.6785    0.6518
    0.3367    0.2515
    0.5581    0.1354
    0.5433    0.1802
    0.4137    0.6467
    0.5959    0.9051
    0.0456    0.2252
    0.7616    0.8766
    0.3077    0.4103
    0.8677    0.4364
    0.5635    0.5420
    0.9447    0.1369
    0.2901    0.7365
    0.4263    0.1595
    0.2392    0.8822
    0.4665    0.7799
    0.0033    0.1811
    0.4488    0.5653
    0.8890    0.8864
    0.9695    0.3861
    0.6882    0.1802
    0.2073    0.3754
    0.4805    0.3558
    0.4039    0.7828
    0.7600    0.7963
    0.1157    0.4336
    0.5701    0.7957
    0.8071    0.3426
    0.8437    0.5169
    0.6233    0.3188
    0.4170    0.2942
    0.8549    0.9678
    0.8412    0.0611
    0.8378    0.5219
    0.0719    0.4875
    0.8094    0.0154
    0.8650    0.6873
    0.7640    0.6041
    0.3326    0.2250
    0.2674    0.3881
    0.7545    0.9044
    0.0350    0.7841
    0.3712    0.7247
    0.7857    0.6744
    0.6581    0.2817
    0.2336    0.2484
    0.8424    0.3214
    0.9463    0.5663
    0.5610    0.4712
    0.9495    0.8319
    0.5687    0.6983
    0.4375    0.5607
    0.6041    0.2584
    0.7903    0.2390
    0.3511    0.4548
    0.3202    0.3254
    0.1747    0.2910
    0.9823    0.0404
    0.9511    0.8202
    0.7235    0.2607
    0.0434    0.7129
    0.8765    0.3610
    0.8761    0.2365
    0.6675    0.1728
    0.6583    0.8533
    0.0959    0.0161
    0.4677    0.2560
    0.0746    0.5700
    0.6404    0.5647
    0.6887    0.8296
    0.4903    0.9548
    0.5131    0.1235
    0.3700    0.9821
    0.5171    0.1907
    0.4386    0.4634
    0.3790    0.8898
    0.8509    0.9874
    0.4642    0.3828
    0.3111    0.2151
    0.4513    0.1678
    0.1966    0.3322
    0.0669    0.0925
    0.3107    0.1028
    0.1605    0.5956
    0.1468    0.8069
    0.7372    0.9662
    0.5409    0.7630
    0.3124    0.8049
    0.2258    0.6154
    0.9670    0.1555
    0.7293    0.1337
    0.4753    0.4895
    0.9154    0.4761
    0.7194    0.9642
    0.6432    0.4154
    0.4173    0.1084
    0.7760    0.3313
    0.6565    0.0880
    0.3173    0.7336
    0.2129    0.1555
    0.8017    0.9505
    0.2847    0.2983
    0.9202    0.7561
    0.9905    0.2348
    0.9464    0.8536
    0.1037    0.6192
    0.7678    0.1538
    0.5458    0.2691
    0.7662    0.9252
    0.4940    0.0399
    0.4855    0.1889
    0.4532    0.9291
    0.1077    0.0342
    0.3031    0.7559
    0.3359    0.0746
    0.4657    0.3708
    0.5242    0.2896
    0.1870    0.1660
    0.9797    0.9936
    0.8454    0.9042
    0.6062    0.9983
    0.1462    0.9360
    0.8140    0.9555
    0.0945    0.6105
    0.6418    0.2756
    0.0074    0.7710
    0.8993    0.9632
    0.6592    0.2875
    0.5840    0.4918
    0.2880    0.3089
    0.1019    0.2979
    0.8508    0.2129
    0.6996    0.2665
    0.7512    0.2863
    0.0745    0.7180
    0.8841    0.3197
    0.5004    0.9591
    0.4220    0.9361
    0.0338    0.3899
    0.3938    0.1734
    0.7375    0.1375
    0.6056    0.0242
    0.7948    0.3604
    0.9520    0.2800
    0.8638    0.7215
    0.4863    0.9808
    0.2283    0.1604
    0.6912    0.5900
    0.4305    0.7211
    0.3482    0.2297
    0.0045    0.4566
    0.6899    0.6087
    0.3579    0.3825
    0.9365    0.5031
    0.9124    0.6153
    0.1866    0.1976
    0.8896    0.5541
    0.8502    0.4932
    0.5973    0.6547
    0.8797    0.0373
    0.5528    0.9953
    0.6483    0.2867
    0.0731    0.5172
    0.5091    0.3783
    0.5240    0.0416
    0.0788    0.6093
    0.1559    0.8178
    0.9532    0.0468
    0.6651    0.2796
    0.6798    0.3024
    0.7692    0.7461
    0.1192    0.1690
    0.0076    0.4265
    0.8267    0.1533
    0.9644    0.6237
    0.3567    0.5026
    0.5743    0.6915
    0.4243    0.1030
    0.2739    0.1922
    0.3976    0.9887
    0.3608    0.3172
    0.1510    0.5330
    0.9869    0.6852
    0.1325    0.5848
    0.7719    0.2539
    0.6574    0.7763
    0.1455    0.5510
    0.9936    0.4879
    0.0197    0.9448
    0.2376    0.8797
    0.0592    0.5488
    0.2202    0.7141
    0.1775    0.2722
    0.0142    0.8149
    0.7732    0.2574
    0.8817    0.8175
    0.8991    0.6620
    0.6097    0.4767
    0.4179    0.6492
    0.5073    0.7949
    0.5660    0.1464
    0.1228    0.4755
    0.3930    0.3706
    0.6555    0.5034
    0.1572    0.1714
    0.3136    0.3615
    0.5386    0.1587
    0.6906    0.0640
    0.4295    0.1017
    0.8188    0.6577
    0.3214    0.7745
    0.9932    0.5261
    0.9960    0.7419
    0.1779    0.0875
    0.5856    0.8671
    0.3734    0.1455
    0.5562    0.9016
    0.8419    0.2664
    0.9240    0.1683
    0.8060    0.0577
    0.2239    0.5788
    0.3554    0.9970
    0.8515    0.5474
    0.0938    0.3326
    0.6606    0.5674
    0.3368    0.3598
    0.2643    0.9984
    0.0527    0.9662
    0.2802    0.1009
    0.5786    0.0189
    0.6286    0.3688
    0.8950    0.3312
    0.9682    0.9118
    0.5403    0.3739
    0.9878    0.1905
    0.6489    0.5384
    0.3292    0.3114
    0.3980    0.1853
    0.0576    0.4672
    0.3759    0.2157
    0.8826    0.7539
    0.3625    0.2388
    0.4704    0.6624
    0.9811    0.1195
    0.6001    0.9587
    0.0570    0.7799
    0.5368    0.1927
    0.7039    0.4846
    0.1497    0.3987
    0.2422    0.7731
    0.3269    0.6794
    0.1964    0.0657
    0.6253    0.7391
    0.0494    0.6291
    0.4330    0.8348
    0.3171    0.1541
    0.4079    0.8126
    0.6112    0.4648
    0.7855    0.0528
    0.1282    0.0916
    0.4683    0.5461
    0.7359    0.2318
    0.1948    0.6745
    0.6273    0.4661
    0.1012    0.5802
    0.4033    0.1482
    0.4454    0.4148
    0.6955    0.5972
    0.0509    0.9648
    0.8864    0.5659
    0.4683    0.3509
    0.0925    0.6408
    0.2576    0.2398
    0.8236    0.9175
    0.1204    0.0233
    0.8022    0.1105
    0.9202    0.6501
    0.9726    0.4002
    0.6466    0.5826
    0.6965    0.3676
    0.7518    0.4387
    0.5469    0.4731
    0.5466    0.3975
    0.6560    0.7742
    0.9049    0.3849
    0.3071    0.7986
    0.2708    0.6954
    0.0576    0.7616
    0.9572    0.0780
    0.2006    0.2446
    0.8849    0.3728
    0.3739    0.1056
    0.9109    0.8906
    0.0378    0.1766
    0.3004    0.7111
    0.7125    0.7130
    0.1098    0.3767
    0.8118    0.0856
    0.9411    0.8954
    0.2876    0.1856
    0.6623    0.6100
    0.0199    0.6242
    0.2013    0.4264
    0.8779    0.0303
    0.3926    0.6805
    0.9316    0.8507
    0.2324    0.5741
    0.5462    0.6959
    0.6408    0.8439
    0.4417    0.3763
    0.2690    0.8670
    0.2205    0.9463
    0.9343    0.6723
    0.1815    0.6120
    0.0468    0.5377
    0.5156    0.9362
    0.7328    0.9107
    0.5717    0.9208
    0.2851    0.9162
    0.2465    0.6343
    0.7019    0.3133
    0.6208    0.5673
    0.4985    0.6671
    0.3664    0.3085
    0.0558    0.8879
    0.5687    0.6770
    0.9851    0.2496
    0.7493    0.5809
    0.5192    0.4342
    0.7629    0.8651
    0.8702    0.7768
    0.2328    0.9881
    0.6577    0.0474
    0.6225    0.7805
    0.0390    0.9074
    0.3879    0.5004
    0.1918    0.2967
    0.7445    0.1684
    0.6290    0.7453
    0.6317    0.7136
    0.1930    0.8306
    0.2586    0.0010
    0.2099    0.5945
    0.1378    0.8591
    0.8687    0.3025
    0.2861    0.5557
    0.5716    0.4657
    0.6418    0.5858
    0.9496    0.5275
    0.9840    0.0186
    0.5609    0.2863
    0.1791    0.9939
    0.5225    0.3519
    0.7951    0.5053
    0.4916    0.5758
    0.3011    0.3037
    0.3854    0.2596
    0.4218    0.5584
    0.4528    0.1654
    0.6429    0.1958
    0.5023    0.1750
    0.0410    0.6656
    0.9888    0.4481
    0.1821    0.0515
    0.9984    0.8365
    0.4227    0.9194
    0.3346    0.3910
    0.1216    0.8637
    0.2522    0.8773
    0.4016    0.0535
    0.6646    0.4242
    0.2003    0.3691
    0.7744    0.6280
    0.8992    0.1930
    0.8851    0.4024
    0.9535    0.9363
    0.4017    0.5917
    0.8834    0.3882
    0.0694    0.4487
    0.5192    0.3170
    0.1705    0.9155
    0.4394    0.3948
    0.5614    0.8708
    0.9741    0.7527
    0.1894    0.6024
    0.7570    0.6897
    0.3614    0.4959
    0.5138    0.2093
    0.7923    0.2456
    0.7857    0.8843
    0.3294    0.9984
    0.7564    0.6456
    0.2711    0.3823
    0.0573    0.7794
    0.6640    0.9314
    0.2058    0.4113
    0.4807    0.6257
    0.4976    0.8280
    0.0263    0.3767
    0.7143    0.9238
    0.1708    0.5672
    0.3268    0.6651
    0.4553    0.3113
    0.8689    0.2237
    0.7457    0.6520
    0.2401    0.5185
    0.7505    0.3841
    0.3690    0.4960
    0.0646    0.7264
    0.8933    0.6605
    0.0787    0.9170
    0.7978    0.7480
    0.0609    0.2558
    0.3104    0.2162
    0.2120    0.1886
    0.9553    0.2237
    0.0889    0.5050
    0.7769    0.0738
    0.4940    0.8822
    0.4930    0.0230
    0.4758    0.5748
    0.7936    0.6357
    0.8844    0.1827
    0.8963    0.4770
    0.2647    0.6983
    0.2128    0.9274
    0.3176    0.0492
    0.5770    0.2412
    0.6979    0.3398
    0.2907    0.1086
    0.8971    0.4468
    0.9078    0.0110
    0.3655    0.3284
    0.5480    0.8321
    0.7880    0.7000
    0.9669    0.1867
    0.0392    0.6961
    0.0447    0.7543
    0.2853    0.8439
    0.5169    0.1387
    0.5832    0.8068
    0.4550    0.8057
    0.7733    0.9272
    0.1612    0.2286
    0.5618    0.4292
    0.9136    0.4118
    0.9088    0.2692
    0.6647    0.2774
    0.9453    0.1603
    0.7606    0.1135
    0.0781    0.0491
    0.1471    0.1083
    0.9373    0.1140
    0.8981    0.7004
    0.5255    0.4312
    0.8574    0.8003
    0.6929    0.6049
    0.6966    0.2921
    0.6708    0.5745
    0.6533    0.6587
    0.6177    0.7760
    0.9649    0.2626
    0.0750    0.9881
    0.6569    0.9525
    0.3141    0.2544
    0.2950    0.2787
    0.4712    0.7230
    0.1682    0.9227
    0.8725    0.3232
    0.3780    0.0363
    0.8177    0.8418
    0.8527    0.3243
    0.7080    0.6348
    0.6650    0.4145
    0.8505    0.7299
    0.3899    0.5851
    0.1663    0.4057
    0.1465    0.5921
    0.9641    0.5905
    0.7649    0.9396
    0.9482    0.9487
    0.9742    0.9626
    0.6615    0.7925
    0.1255    0.5680
    0.2484    0.8364
    0.8203    0.8360
    0.2667    0.8178
    0.5395    0.7487
    0.4932    0.7511
    0.7462    0.1370
    0.5637    0.1817
    0.9237    0.0263
    0.8116    0.8533
    0.3816    0.4730
    0.3165    0.1445
    0.8990    0.0902
    0.6880    0.0590
    0.4401    0.1809
    0.3771    0.0739
    0.4553    0.9534
    0.3477    0.9730
    0.8348    0.2507
    0.5008    0.3088
    0.5514    0.7340
    0.2714    0.7299
    0.4560    0.5994
    0.6663    0.9100
    0.2266    0.2449
    0.8508    0.0984
    0.9760    0.3069
    0.6438    0.7338
    0.8079    0.6322
    0.9522    0.6678
    0.4417    0.2720
    0.6902    0.7218
    0.8837    0.6428
    0.9894    0.3588
    0.0756    0.7698
    0.8166    0.7404
    0.7852    0.6777
    0.0660    0.3759
    0.7631    0.8283
    0.9667    0.1581
    0.8633    0.5165
    0.1742    0.9326
    0.4144    0.7185
    0.5401    0.3509
    0.6057    0.3745
    0.9780    0.0776
    0.4391    0.7924
    0.7815    0.5676
    0.3112    0.6033
    0.7189    0.4145
    0.2570    0.6512
    0.0249    0.3724
    0.1165    0.2295
    0.1114    0.3745
    0.1355    0.7284
    0.8090    0.5172
    0.1435    0.2147
    0.1611    0.2039
    0.8482    0.0585
    0.1544    0.7931
    0.9733    0.9755
    0.4752    0.2846
    0.8181    0.7444
    0.4318    0.6856
    0.5351    0.0991
    0.5363    0.7908
    0.9266    0.0192
    0.7587    0.1125
    0.8783    0.5942
    0.4970    0.6610
    0.2235    0.9652
    0.5130    0.2724
    0.1832    0.7959
    0.4265    0.0178
    0.7924    0.3944
    0.2012    0.6362
    0.6614    0.1886
    0.9491    0.7716
    0.6404    0.6106
    0.8544    0.7478
    0.0319    0.6796
    0.1639    0.0579
    0.6063    0.5550
    0.3096    0.3482
    0.3435    0.8147
    0.4071    0.9899
    0.6397    0.1944
    0.0268    0.5166
    0.8246    0.5473
    0.9917    0.4746
    0.9398    0.5642
    0.2621    0.8703
    0.9748    0.3240
    0.3080    0.4705
    0.8933    0.3759
    0.9944    0.1789
    0.0333    0.8711
    0.7341    0.2723
    0.8584    0.0183
    0.8740    0.7258
    0.7120    0.6788
    0.9697    0.8210
    0.7651    0.9885
    0.3922    0.8495
    0.7050    0.6263
    0.8542    0.1775
    0.0566    0.5591
    0.1244    0.6145
    0.1313    0.1250
    0.6179    0.9525
    0.4569    0.2281
    0.3844    0.1999
    0.5497    0.2288
    0.2341    0.3635
    0.4875    0.5590
    0.7407    0.0318
    0.2500    0.3498
    0.8789    0.5988
    0.0980    0.1161
    0.2060    0.8701
    0.3763    0.4290
    0.4952    0.4229
    0.7226    0.3669
    0.5923    0.1710
    0.1424    0.8911
    0.1728    0.0771
    0.2519    0.8044
    0.2766    0.7640
    0.7396    0.4513
    0.0458    0.6872
    0.9870    0.4545
    0.0220    0.2448
    0.8652    0.0911
    0.5345    0.6390
    0.0368    0.5854
    0.4542    0.5039
    0.0231    0.5328
    0.5612    0.3201
    0.0054    0.4089
    0.6263    0.3853
    0.9013    0.9679
    0.6036    0.0229
    0.8339    0.1117
    0.1935    0.1392
    0.9886    0.2779
    0.5620    0.3454
    0.4875    0.0529
    0.6903    0.8617
    0.9621    0.5379
    0.0219    0.2185
    0.7144    0.7788
    0.3058    0.1886
    0.7272    0.5150
    0.4468    0.8613
    0.5473    0.7090
    0.7253    0.6178
    0.3041    0.3086
    0.6611    0.2717
    0.0282    0.6030
    0.4394    0.9481
    0.0843    0.3699
    0.3443    0.7217
    0.2690    0.1261
    0.2480    0.3499
    0.0628    0.6418
    0.7389    0.3843
    0.2252    0.1224
    0.2868    0.7705
    0.8462    0.0899
    0.6921    0.2962
    0.9343    0.8635
    0.2249    0.0796
    0.8478    0.3530
    0.4131    0.5793
    0.5746    0.3167
    0.8788    0.8268
    0.8678    0.2979
    0.5976    0.4043
    0.5313    0.8743
    0.9760    0.1189
    0.3750    0.9407
    0.9853    0.5789
    0.3057    0.1206
    0.7348    0.3342
    0.1300    0.6722
    0.4965    0.4916
    0.3313    0.7352
    0.9886    0.2258
    0.8987    0.6580
    0.3428    0.7713
    0.3053    0.7420
    0.3189    0.3208
    0.0614    0.0582
    0.4547    0.6629
    0.3668    0.1673
    0.9130    0.5292
    0.6745    0.5919
    0.6438    0.6798
    0.0007    0.4140
    0.6514    0.6379
    0.5634    0.5569
    0.8077    0.7331
    0.6574    0.5863
    0.2529    0.4215
    0.1103    0.8742
    0.3844    0.5448
    0.3130    0.3869
    0.8639    0.2772
    0.1461    0.8935
    0.9418    0.1302
    0.4601    0.6798
    0.4409    0.4438
    0.6974    0.7829
    0.2113    0.4992
    0.7978    0.3982
    0.8443    0.9007
    0.8211    0.5523
    0.1366    0.7137
    0.4547    0.3200
    0.0692    0.3692
    0.0465    0.5315
    0.3815    0.7582
    0.8443    0.5637
    0.1926    0.0869
    0.0120    0.4815
    0.0941    0.2573
    0.8500    0.5646
    0.4908    0.7684
    0.5855    0.8755
    0.0314    0.1593
    0.4070    0.9662
    0.4169    0.7370
    0.7383    0.5087
    0.0836    0.7462
    0.0753    0.2288
    0.5639    0.8156
    0.9648    0.9181
    0.8163    0.8926
    0.8984    0.3527
    0.3578    0.9556
    0.3235    0.7748
    0.6487    0.3479
    0.0779    0.0708
    0.5433    0.2434
    0.8290    0.9699
    0.6329    0.3017
    0.5784    0.6620
    0.6404    0.3947
    0.8012    0.8499
    0.1181    0.6612
    0.5209    0.6130
    0.7995    0.2532
    0.8562    0.7476
    0.8017    0.1683
    0.2016    0.6445
    0.9876    0.5496
    0.1639    0.5144
    0.2735    0.0883
    0.6871    0.8824
    0.8392    0.7841
    0.5186    0.7576
    0.2429    0.0658
    0.0553    0.7012
    0.5138    0.0471
    0.7164    0.4178
    0.4323    0.8455
    0.1701    0.9689
    0.6579    0.3124
    0.6791    0.7272
    0.7118    0.5779
    0.2344    0.9148
    0.3588    0.7881
    0.5020    0.1858
    0.1229    0.1848
    0.8504    0.6191
    0.1822    0.1010
    0.8964    0.4856
    0.6789    0.8236
    0.9109    0.3355
    0.1113    0.9579
    0.3628    0.9288
    0.2802    0.5755
    0.8326    0.7787
    0.4268    0.6725
    0.5816    0.4436
    0.1270    0.7046
    0.7512    0.3735
    0.3441    0.6345
    0.0341    0.3186
    0.3651    0.6173
    0.5622    0.7694
    0.1454    0.2846
    0.5772    0.1445
    0.2088    0.1656
    0.3397    0.7436
    0.5933    0.7499
    0.2625    0.9139
    0.8715    0.9048
    0.0687    0.5547
    0.2546    0.9501
    0.5354    0.4332
    0.1613    0.6326
    0.6938    0.9873
    0.2024    0.1436
    0.9887    0.2913
    0.7580    0.3296
    0.0141    0.0994
    0.3220    0.9353
    0.8758    0.2226
    0.5929    0.8471
    0.2840    0.1331
    0.4777    0.8555
    0.1352    0.1165
    0.6675    0.9552
    0.8264    0.8399
    0.0862    0.4475
    0.3582    0.5847
    0.9593    0.4867
    0.8556    0.6924
    0.1277    0.2686
    0.4020    0.5167
    0.5837    0.0163
    0.7369    0.4753
    0.9632    0.1333
    0.3953    0.4392
    0.6682    0.1088
    0.9968    0.4884
    0.4914    0.7578
    0.4404    0.1631
    0.7159    0.2053
    0.6359    0.4769
    0.5111    0.4076
    0.7158    0.1020
    0.1905    0.6654
    0.5485    0.5778
    0.3586    0.3080
    0.6400    0.9086
    0.8091    0.7816
    0.1200    0.5662
    0.8456    0.6991
    0.2426    0.9320
    0.0128    0.3370
    0.1142    0.3330
    0.9400    0.0885
    0.0039    0.6904
    0.8741    0.1135
    0.0286    0.5207
    0.3045    0.9589
    0.8289    0.0132
    0.9459    0.5215
    0.8986    0.5739
    0.9630    0.4529
    0.8931    0.6265
    0.9860    0.8222
    0.9424    0.3995
    0.1279    0.5556
    0.1029    0.5061
    0.8331    0.2465
    0.8172    0.1392
    0.4653    0.8309
    0.8680    0.9064
    0.4146    0.4002
    0.0289    0.7593
    0.0118    0.5787
    0.3682    0.0922
    0.6013    0.4176
    0.7564    0.1722
    0.8589    0.9599
    0.5105    0.5016
    0.6891    0.4716
    0.0108    0.9144
    0.0435    0.9918
    0.8570    0.4825
    0.4742    0.6459
    0.4535    0.7318
    0.2931    0.4133
    0.3296    0.7857
    0.6923    0.5957
    0.9554    0.6186
    0.6099    0.7261
    0.8184    0.9326
    0.7347    0.3739
    0.5220    0.0828
    0.5290    0.2858
    0.7755    0.0919
    0.1705    0.2451
    0.4114    0.0610
    0.3329    0.2986
    0.3206    0.4926
    0.1082    0.8661
    0.6690    0.5574
    0.2198    0.8888
    0.3161    0.5430
    0.2446    0.3275
    0.9253    0.9641
    0.4324    0.3353
    0.1056    0.1479
    0.8725    0.5129
    0.0348    0.1095
    0.7865    0.8870
    0.5717    0.2660
    0.7199    0.7685
    0.4112    0.5543
    0.8547    0.3970
    0.5178    0.6085
    0.3478    0.3084
    0.0351    0.5084
    0.7527    0.3379
    0.8928    0.8738
    0.7306    0.6317
    0.2421    0.3505
    0.6549    0.7753
    0.6654    0.5819
    0.0369    0.7878
    0.9225    0.5830
    0.5213    0.3873
    0.3607    0.0901
    0.9638    0.1614
    0.4700    0.0615
    0.9296    0.9119
    0.7439    0.4402
    0.3061    0.1594
    0.6791    0.4195
    0.3146    0.7166
    0.3110    0.7146
    0.1829    0.4414
    0.6988    0.7020
    0.3760    0.4268
    0.8245    0.1466
    0.3003    0.5697
    0.4503    0.3495
    0.0298    0.2373
    0.2623    0.7438
    0.6232    0.5058
    0.4556    0.1505
    0.8589    0.6605
    0.4784    0.3303
    0.9800    0.7872
    0.7086    0.9970
    0.0814    0.7232
    0.7242    0.2571
    0.4141    0.9778
    0.0802    0.6820
    0.9182    0.7447
    0.4215    0.0760
    0.8925    0.3781
    0.4300    0.8463
    0.2525    0.8709
    0.1409    0.2998
    0.8939    0.6051
    0.7969    0.0387
    0.4599    0.3051
    0.4232    0.2018
    0.3338    0.7175
    0.3646    0.3737
    0.1629    0.6003
    0.3753    0.9328
    0.1566    0.1946
    0.7901    0.0336
    0.7984    0.3726
    0.8779    0.7295
    0.5873    0.4990
    0.2774    0.1067
    0.6935    0.1702
    0.2197    0.1534
    0.2453    0.5869
    0.2097    0.3852
    0.4250    0.2386
    0.2059    0.2147
    0.1076    0.4677
    0.6814    0.9521
    0.4168    0.9757
    0.5870    0.2116
    0.8327    0.1712
    0.2114    0.4287
    0.3212    0.4023
    0.1539    0.1271
    0.2402    0.1328
    0.6588    0.1825
    0.0825    0.1909
    0.1098    0.0675
